spawns:
  default:
    world: 7a72b1a9-a655-4418-81b0-ac2084c0fdc3
    world-name: world
    x: 5.5300787363084725
    y: 20.0
    z: 126.49408645924579
    yaw: -179.0999755859375
    pitch: 88.64998626708984
