spawn:
  world: world
  x: 5.459450371678198
  y: 20.0
  z: 126.5096231789891
  yaw: 179.84082
  pitch: -2.3999572
firstspawn:
  world: world
  x: 5.459450371678198
  y: 20.0
  z: 126.5096231789891
  yaw: 179.84082
  pitch: -2.3999572
