spawn:
  world: world
  x: -2.5013636613701373
  y: -11.0
  z: 16.0204966160968
  yaw: -177.59027
  pitch: 0.60032207
firstspawn:
  world: world
  x: -2.5013636613701373
  y: -11.0
  z: 16.0204966160968
  yaw: -177.59027
  pitch: 0.60032207
