spawns:
  default:
    world: 488aaf14-5ccd-47b3-8c95-230bafc8ccf3
    world-name: world
    x: -2.5013636613701373
    y: -11.0
    z: 16.0204966160968
    yaw: -177.59027099609375
    pitch: 0.6003220677375793
